((("dijkstra" .
   [1 0 0 0 0 0 0 0])
  ("gr" .
   [7 0])
  ("to" .
   [4 0])
  ("queue" .
   [2 0 0 0 0])
  ("graph" .
   [17 0 0 0 0])
  ("Graph" .
   [1 0 0 0 0])
  ("ser" .
   [5 0 0])
  ("day" .
   [12 0 0])
  ("sel" .
   [31 0 0])
  ("stack" .
   [3 0 0 0 0])
  ("par" .
   [3 0 0])
  ("init" .
   [2 0 0 0])
  ("sl" .
   [3 0])
  ("sr" .
   [1 0])
  ("color" .
   [7 0 0 0 0])
  ("RFOR" .
   [3 0 0 0])
  ("RREP" .
   [3 0 0 0])
  ("ma" .
   [3 0])
  ("ansint" .
   [4 0 0 0 0 0])
  ("data" .
   [5 0 0 0])
  ("segn" .
   [1 0 0 0])
  ("dat" .
   [18 0 0])
  ("be" .
   [1 0])
  ("odd" .
   [3 0 0])
  ("for" .
   [1 0 0])
  ("HC" .
   [1 0])
  ("HB" .
   [1 0])
  ("HA" .
   [1 0])
  ("In_map" .
   [1 0 0 0 0 0])
  ("tmps" .
   [1 0 0 0])
  ("tmpf" .
   [1 0 0 0])
  ("set" .
   [7 0 0])
  ("next" .
   [1 0 0 0])
  ("nowl" .
   [2 0 0 0])
  ("nowdig" .
   [2 0 0 0 0 0])
  ("dig2" .
   [4 0 0 0])
  ("HNQ" .
   [4 0 0])
  ("not" .
   [1 0 0])
  ("HNP" .
   [3 0 0])
  ("b2" .
   [2 0])
  ("br" .
   [4 0])
  ("pow" .
   [5 0 0])
  ("digit" .
   [3 0 0 0 0])
  ("combine" .
   [2 0 0 0 0 0 0])
  ("contra" .
   [6 0 0 0 0 0])
  ("nth_error" .
   [1 0 0 0 0 0 0 0 0])
  ("IHm'" .
   [1 0 0 0])
  ("trans_eq" .
   [2 0 0 0 0 0 0 0])
  ("rev_sym" .
   [1 0 0 0 0 0 0])
  ("test" .
   [2 0 0 0])
  ("b" .
   [4])
  ("query" .
   [9 0 0 0 0])
  ("diff2" .
   [2 0 0 0 0])
  ("diff" .
   [5 0 0 0])
  ("app_nil_r" .
   [2 0 0 0 0 0 0 0 0])
  ("IHl1'" .
   [17 0 0 0 0])
  ("IHl'" .
   [61 0 0 0])
  ("subset" .
   [1 0 0 0 0 0])
  ("remove_all" .
   [2 0 0 0 0 0 0 0 0 0])
  ("remove_one" .
   [2 0 0 0 0 0 0 0 0 0])
  ("remove" .
   [4 0 0 0 0 0])
  ("member" .
   [2 0 0 0 0 0])
  ("test_sum1" .
   [1 0 0 0 0 0 0 0 0])
  ("bag" .
   [2 0 0])
  ("app" .
   [13 0 0])
  ("alternate" .
   [1 0 0 0 0 0 0 0 0])
  ("l1'" .
   [0 0 1])
  ("oddmembers" .
   [2 0 0 0 0 0 0 0 0 0])
  ("nonzeros" .
   [3 0 0 0 0 0 0 0])
  ("non" .
   [3 0 0])
  ("nil" .
   [26 0 0])
  ("plus_comm" .
   [4 0 0 0 0 0 0 0 0])
  ("plus_assoc" .
   [8 0 0 0 0 0 0 0 0 0])
  ("negb" .
   [2 0 0 0])
  ("plus_n_Sm" .
   [8 0 0 0 0 0 0 0 0])
  ("IHn'" .
   [29 0 0 0])
  ("reflexivity" .
   [0 0 0 0 0 1 0 0 0 0 0])
  ("beq_nat" .
   [9 0 0 1 0 0 0])
  ("init_mouse_cursor8" .
   [2 0 0 0 0 0 0 0 0 0 0 0 0 0 0 0 0 0])
  ("sprintf" .
   [3 0 0 0 0 0 0])
  ("insert" .
   [2 0 0 0 0 0])
  ("hankaku" .
   [5 0 0 0 0 0 0])
  ("font" .
   [2 0 0 0])
  ("font_A" .
   [3 0 0 0 0 0])
  ("COL8_FFFFFF" .
   [5 0 0 2 3 1 0 0 0 0 0])
  ("scrnx" .
   [17 0 0 0 0])
  ("putfont8" .
   [7 0 0 0 0 0 0 0])
  ("binfo" .
   [42 0 0 0 0])
  ("init_screen" .
   [4 0 0 0 0 0 0 0 0 0 0])
  ("BOOTINFO" .
   [2 0 0 0 0 0 0 0])
  ("ysize" .
   [1 0 0 0 0])
  ("xsize" .
   [11 0 0 0 0])
  ("vram" .
   [17 0 0 0])
  ("boxfill8" .
   [1 0 0 0 0 0 0 0])
  ("dist2" .
   [8 0 0 0 0])
  ("MAX_N" .
   [3 0 0 0 0])
  ("path" .
   [3 0 0 0])
  ("prev" .
   [12 0 0 0])
  ("push" .
   [4 0 0 0])
  ("que" .
   [8 0 0])
  ("FOR" .
   [49 0 0])
  ("REP" .
   [266 0 0])
  ("tmp9" .
   [4 0 0 0])
  ("tmp6" .
   [3 0 0 0])
  ("ack" .
   [2 0 0])
  ("ansf" .
   [25 0 0 0])
  ("p" .
   [1])
  ("sumb" .
   [4 0 0 0])
  ("addb" .
   [5 0 0 0])
  ("addf" .
   [4 0 0 0])
  ("sumf" .
   [6 0 0 0])
  ("add" .
   [13 0 0])
  ("now" .
   [132 0 0])
  ("ansb" .
   [43 0 0 0])
  ("ansc" .
   [47 0 0 0])
  ("n" .
   [9])
  ("num" .
   [19 0 0])
  ("i" .
   [5])
  ("visited" .
   [27 0 0 0 0 0 0])
  ("costb" .
   [5 0 0 0 0])
  ("costf" .
   [10 0 0 0 0])
  ("correct" .
   [7 0 0 0 0 0 0])
  ("directive" .
   [4 0 0 0 0 0 0 0 0])
  ("check" .
   [4 0 0 0 0])
  ("check_program_pointer" .
   [1 0 0 0 0 0 0 0 0 0 0 0 0 0 0 0 0 0 0 0 0])
  ("printf" .
   [2 0 0 0 0 0])
  ("out" .
   [1 0 0])
  ("memorytmp1" .
   [6 0 0 0 0 0 0 0 0 0])
  ("memorytmp2" .
   [1 0 0 0 0 0 0 0 0 0])
  ("memorytmp" .
   [5 0 0 0 0 0 0 0 0])
  ("DEBUG" .
   [10 0 0 0 0])
  ("exit" .
   [4 0 0 0])
  ("program_pointer" .
   [36 0 0 0 0 0 0 1 1 5 0 0 0 0 0])
  ("PROGRAM_SIZE" .
   [2 0 0 1 0 0 0 0 1 0 0 0])
  ("loop" .
   [3 0 0 0])
  ("loop_decl" .
   [2 0 0 0 0 0 0 0 0])
  ("loop_depth" .
   [16 0 0 0 1 1 1 0 0 0])
  ("pointer" .
   [21 0 0 0 0 0 0])
  ("memory" .
   [24 0 0 0 0 0])
  ("dummyenv" .
   [1 0 0 0 0 0 0 0])
  ("LetRecExp" .
   [1 0 0 0 0 0 0 0 0])
  ("t" .
   [8])
  ("initial_tyenv" .
   [0 0 0 0 0 0 0 0 0 0 1 0 0])
  ("Exp" .
   [1 0 0])
  ("ty_decl" .
   [1 0 0 0 0 0 0])
  ("tyarg3" .
   [2 0 0 0 0 0])
  ("exp3" .
   [2 0 0 0])
  ("IfExp" .
   [1 0 0 0 0])
  ("tyarg2" .
   [7 0 0 0 0 0])
  ("tyarg1" .
   [10 0 0 1 0 0])
  ("ty_prim" .
   [2 0 0 0 0 0 0])
  ("ty_exp" .
   [11 0 0 0 0 0])
  ("BinOp" .
   [1 0 0 0 0])
  ("BLit" .
   [1 0 0 0])
  ("ILit" .
   [1 0 0 0])
  ("Not_bound" .
   [1 0 0 0 0 0 0 0 0])
  ("Not" .
   [1 0 0])
  ("lookup" .
   [1 0 0 0 0 0])
  ("Var" .
   [1 0 0])
  ("tyenv" .
   [17 0 1 0 0])
  ("ty" .
   [14 0])
  ("Or" .
   [2 0])
  ("TyBool" .
   [17 0 0 1 0 0])
  ("Lt" .
   [1 0])
  ("Mult" .
   [2 0 0 0])
  ("TyInt" .
   [17 0 0 0 0])
  ("ty2" .
   [8 0 0])
  ("ty1" .
   [8 0 0])
  ("Plus" .
   [1 0 0 0])
  ("op" .
   [1 0])
  ("index" .
   [1 0 0 0 0])
  ("current_company" .
   [1 0 0 0 0 0 0 0 0 0 0 0 0 0 0])
  ("change_from_free_plan_mail_for_company" .
   [0 0 0 0 0 0 0 0 0 0 0 0 0 0 0 0 1 0 0 0 0 0 0 0 0 0 0 0 0 0 0 0 0 0 0 0 0 0])
  ("ChangePlanMailer" .
   [0 0 0 0 0 0 0 0 0 0 0 1 0 0 0 0])
  ("jp" .
   [1 0])
  ("datora" .
   [1 0 0 0 0 0])
  ("toroo" .
   [1 0 0 0 0])
  ("sort" .
   [11 0 0 0])
  ("solve_two" .
   [2 0 0 1 0 1 0 0 0])
  ("solve_pairs" .
   [2 0 0 0 0 0 0 0 0 0 0])
  ("second" .
   [153 0 0 2 0 0])
  ("first" .
   [162 0 0 2 0])
  ("pair" .
   [62 0 0 0])
  ("split_lo" .
   [5 0 0 0 0 0 0 0])
  ("ans" .
   [209 0 0])
  ("a" .
   [27])
  ("split_hi" .
   [5 0 0 0 0 0 0 0])
  ("pb" .
   [66 0])
  ("tmp" .
   [166 0 0])
  ("abs" .
   [20 0 0])
  ("min" .
   [12 0 0])
  ("begin" .
   [41 0 0 0 0])
  ("is" .
   [1 0])
  ("AndExpTop" .
   [2 0 0 0 0 0 0 0 0])
  ("destroy" .
   [1 0 0 0 0 0 0])
  ("success" .
   [11 0 0 0 0 0 0])
  ("string" .
   [26 0 0 0 0 0])
  ("end" .
   [24 0 0])
  ("sum" .
   [133 0 0])
  ("endl" .
   [181 0 0 0])
  ("cout" .
   [120 1 0 0])
  ("push_back" .
   [22 0 0 0 8 1 0 0 0])
  ("cin" .
   [21 0 0])
  ("vector" .
   [200 0 0 0 0 0])
  ("main" .
   [7 0 0 0])
  ("std" .
   [7 0 0])
  ("stdc" .
   [5 0 0 1])
  ("bits" .
   [5 0 0 0])
  ("require" .
   [2 0 0 0 0 0 0])
  ("setq" .
   [1 0 0 0])
  ("add-hook" .
   [1 0 0 0 0 0 0 0])
  ("ruby-mode-hook" .
   [1 0 0 0 0 0 0 0 0 0 0 0 0 0])
  ("xminus" .
   [5 0 0 0 0 0])
  ("yminus" .
   [5 0 0 1 0 0])
  ("zminus" .
   [5 0 0 1 0 0])
  ("result" .
   [28 0 0 0 0 0])
  ("max" .
   [22 0 0])
  ("article" .
   [7 0 0 0 0 0 0])
  ("Article" .
   [3 0 1 0 0 1 1])
  ("find" .
   [11 0 0 0])
  ("params" .
   [3 0 0 0 0 0])
  ("update" .
   [23 0 0 0 0 0])
  ("article_params" .
   [0 0 0 0 0 0 0 0 0 0 1 0 0 0])
  ("redirect_to" .
   [2 0 0 0 0 0 0 0 0 0 0])
  ("render" .
   [1 0 0 0 0 0])
  ("size" .
   [114 0 0 0])
  ("pow_curry" .
   [2 0 0 0 0 0 1 0 0])
  ("square" .
   [1 0 0 0 0 0])
  ("ANDB" .
   [3 0 0 0])
  ("ORB" .
   [3 0 0])
  ("Parser" .
   [1 0 0 0 0 0])
  ("program" .
   [52 0 0 0 0 0 0])
  ("LET" .
   [12 0 0])
  ("ANDLetExpr" .
   [0 0 0 0 0 1 0 0 0 0])
  ("AND" .
   [10 0 0])
  ("ID" .
   [14 0])
  ("EQ" .
   [11 0])
  ("Expr" .
   [14 0 0 0])
  ("toplevel" .
   [2 0 0 0 0 0 0 0])
  ("SEMISEMI" .
   [4 0 0 0 0 0 0 0])
  ("SomeAndDecl" .
   [6 0 0 0 0 0 0 0 0 0 0])
  ("id" .
   [20 0])
  ("And" .
   [3 0 0])
  ("AndDecl" .
   [7 0 0 0 0 0 0])
  ("newenv" .
   [5 0 0 0 0 0])
  ("Environment" .
   [8 0 0 0 0 0 0 0 0 0 0])
  ("extend" .
   [7 0 0 0 0 0])
  ("decl" .
   [15 0 0 0])
  ("eval_decl" .
   [2 0 0 0 0 0 0 0 0])
  ("env" .
   [13 0 0])
  ("html" .
   [1 0 0 0])
  ("head" .
   [1 0 0 0])
  ("meta" .
   [3 0 0 0])
  ("title" .
   [1 0 0 0 0])
  ("link" .
   [2 0 0 0])
  ("REC" .
   [1 0 0])
  ("e1" .
   [9 0])
  ("e2" .
   [10 0])
  ("AndExpr" .
   [7 0 0 0 0 0 2])
  ("SomeRecAndDecl" .
   [1 0 0 0 0 0 0 0 0 0 0 0 0 0])
  ("andexp" .
   [19 0 0 0 0 0])
  ("SomeDecl" .
   [2 0 0 0 0 0 0 0])
  ("SomeDeclAfterAnd" .
   [2 0 0 0 0 0 0 0 0 0 0 0 0 0 0 0])
  ("eval_exp" .
   [3 0 0 0 0 0 0 0])
  ("e" .
   [2])
  ("an" .
   [10 0])
  ("andexpref" .
   [2 0 0 0 0 0 0 0 0])
  ("LetAndExpr" .
   [3 0 0 0 0 0 0 0 0 0])
  ("SomeAndExp" .
   [6 0 0 0 0 0 0 0 0 0])
  ("LetExpr" .
   [2 0 0 0 0 0 0])
  ("SomeLetAndExp" .
   [2 0 0 0 0 0 0 0 0 0 0 0 0])
  ("para" .
   [2 0 0 0])
  ("exp1" .
   [13 0 0 0])
  ("exp2" .
   [10 0 0 0])
  ("Err" .
   [4 0 0])
  ("eval_and_exp" .
   [2 0 0 0 0 0 0 0 0 0 0 0])
  ("IN" .
   [3 0])
  ("LetExp" .
   [2 0 0 0 0 0])
  ("AndDeclare" .
   [1 0 0 0 0 0 0 0 0 0])
  ("SomeAndDec" .
   [2 0 0 0 0 0 0 0 0 0])
  ("AndExp" .
   [4 0 0 0 0 0])
  ("LetAndExp" .
   [2 0 0 0 0 0 0 0 0])
  ("eval_and_decl" .
   [2 0 0 0 0 0 0 0 0 0 0 0 0])
  ("anddecl" .
   [6 0 0 0 0 0 0])
  ("err" .
   [8 0 0])
  ("tmp2" .
   [6 0 0 0])
  ("company" .
   [2 0 0 0 0 0 0])
  ("plan_type_id" .
   [0 0 0 0 0 0 0 1 0 0 0 0])
  ("newtyenv" .
   [3 0 0 0 0 0 0 0])
  ("counter" .
   [26 0 0 0 0 0 0])
  ("MySet" .
   [5 0 0 0 0])
  ("empty" .
   [2 0 0 0 0])
  ("TyVar" .
   [12 0 0 0 0])
  ("tyvar" .
   [5 0 0 0 0])
  ("singleton" .
   [1 0 0 0 0 0 0 0 0])
  ("TyFun" .
   [9 0 0 0 0])
  ("union" .
   [1 0 0 0 0])
  ("freevar_ty" .
   [3 0 0 0 1 0 0 0 0 0])
  ("t2" .
   [19 0])
  ("s" .
   [9])
  ("print" .
   [1 0 0 0 0])
  ("pp_ty" .
   [3 0 0 0 0])
  ("list" .
   [3 0 0 0])
  ("the" .
   [1 0 0])
  ("subst_type" .
   [7 0 0 0 0 0 0 0 0 0])
  ("t1" .
   [18 0])
  ("rest" .
   [11 0 0 0])
  ("unify" .
   [7 0 0 0 0])
  ("subst" .
   [2 0 0 0 0])
  ("f" .
   [1])
  ("ty_of_tyvar" .
   [1 0 0 0 0 0 0 0 0 0 0])
  ("map" .
   [26 0 0])
  ("List" .
   [4 0 0 0])
  ("eqs" .
   [6 0 0])
  ("t21" .
   [1 0 0])
  ("t22" .
   [1 0 0])
  ("subst_eqs" .
   [1 0 0 0 0 0 0 0 0])
  ("tyvar_used" .
   [1 0 0 0 0 0 0 0 0 0])
  ("int" .
   [1 0 0])
  ("eqs_of_subst" .
   [2 0 0 0 2 0 2 1 0 0 0 0])
  ("eqs3" .
   [1 0 0 0])
  ("t3" .
   [1 0])
  ("to_list" .
   [2 0 0 0 0 0 0])
  ("freevars" .
   [2 0 0 0 0 0 0 0])
  ("type_variables" .
   [5 0 0 0 0 0 0 0 1 0 0 0 0 0])
  ("freevar_set" .
   [1 0 0 0 0 0 0 0 0 0 0])
  ("type_variables_rec" .
   [2 0 0 0 0 0 0 0 0 0 0 0 0 0 0 0 0 0])
  ("count" .
   [29 0 0 0 0])
  ("chr" .
   [1 0 0])
  ("assoc" .
   [1 0 0 0 0])
  ("type_vars" .
   [4 0 0 0 0 0 0 0 0])
  ("body" .
   [1 0 0 0])
  ("ty3" .
   [3 0 0])
  ("v2" .
   [2 0])
  ("rev" .
   [35 0 0])
  ("s1" .
   [7 0])
  ("s2" .
   [8 0])
  ("s3" .
   [3 0])
  ("paraty" .
   [2 0 0 0 0 0])
  ("eval" .
   [1 0 0 0])
  ("MEMORY_SIZE" .
   [7 0 0 0 0 1 0 0 0 0 0])
  ("all" .
   [3 0 0])
  ("revb" .
   [3 0 0 0])
  ("cmp" .
   [45 0 0])
  ("reva" .
   [2 0 0 0])
  ("scmp" .
   [6 0 0 0])
  ("ptmp" .
   [3 0 0 0])
  ("maxk" .
   [10 0 0 0])
  ("begin_loop" .
   [5 0 0 0 0 0 0 0 1 0])
  ("end_loop" .
   [4 0 0 0 0 0 0 0])
  ("memory_pointer" .
   [3 0 0 0 0 0 0 0 0 0 0 0 0 0])
  ("memory_depth" .
   [1 0 0 0 0 0 0 0 0 0 0 0])
  ("edge" .
   [10 0 0 0])
  ("nows" .
   [8 0 0 0])
  ("nowf" .
   [3 0 0 0])
  ("sump" .
   [4 0 0 0])
  ("sumx" .
   [6 0 0 0])
  ("sp" .
   [1 0])
  ("from" .
   [18 0 0 0])
  ("cost" .
   [24 0 0 0])
  ("MAX_V" .
   [5 0 0 0 0])
  ("fill" .
   [6 0 0 0])
  ("used" .
   [7 0 0 0])
  ("Edge" .
   [8 0 0 0])
  ("AdjList" .
   [2 0 0 0 0 0 0])
  ("dist" .
   [18 0 0 0])
  ("INF" .
   [3 0 0])
  ("bellman_ford" .
   [1 0 0 0 0 0 0 0 0 0 0 0])
  ("substr" .
   [1 0 0 0 0 0])
  ("Yes" .
   [1 0 0])
  ("oddcounter" .
   [4 0 0 0 0 0 0 0 0 0])
  ("evencounter" .
   [12 0 0 0 0 0 0 0 0 0 0])
  ("fourcounter" .
   [16 0 0 0 1 0 0 0 0 0 0])
  ("write_mem8" .
   [2 0 0 0 0 0 0 0 0 0])
  ("io_hlt" .
   [5 0 0 0 0 0])
  ("init_palette" .
   [3 0 0 0 0 0 0 0 0 0 0 0])
  ("set_palette" .
   [2 0 0 0 0 0 0 0 0 0 0])
  ("start" .
   [6 0 0 0 0])
  ("rgb" .
   [5 0 0])
  ("eflags" .
   [7 0 0 0 0 0])
  ("io_load_eflags" .
   [3 0 0 0 0 0 0 0 0 0 0 0 0 0])
  ("io_cli" .
   [2 0 0 0 0 0])
  ("io_out8" .
   [7 0 0 0 0 0 0])
  ("io_store_eflags" .
   [2 0 0 0 0 0 0 0 0 0 0 0 0 0 0])
  ("false" .
   [16 0 0 0 0])
  ("true" .
   [23 0 0 0])
  ("Pro" .
   [1 0 0])
  ("factorial" .
   [2 0 0 0 0 0 0 0 0])
  ("minus" .
   [1 0 0 0 0])
  ("nat" .
   [14 0 0])
  ("blt_nat" .
   [2 0 0 0 0 0 0])
  ("scrny" .
   [4 0 0 0 0])
  ("xsum" .
   [7 0 0 0])
  ("xs" .
   [1 0])
  ("cursor" .
   [6 0 0 0 0 0])
  ("mouse" .
   [6 0 0 0 0])
  ("COL8_000000" .
   [3 0 0 0 0 0 0 0 0 0 0])
  ("init_mouse_corsor8" .
   [1 0 0 0 0 0 0 0 0 0 0 0 0 0 0 0 0 0])
  ("mcursor" .
   [4 0 0 0 0 0 0])
  ("COL8_008484" .
   [2 0 0 0 0 0 0 0 0 0 0])
  ("putfonts8_asc" .
   [5 0 0 0 0 0 0 0 0 2 0 0 0])
  ("putblock8_8" .
   [3 0 0 0 0 0 0 0 0 0 0])
  ("pysize" .
   [3 0 0 0 0 0])
  ("pxsize" .
   [2 0 0 0 0 0])
  ("py0" .
   [3 0 0])
  ("vxsize" .
   [2 0 0 0 0 0])
  ("px0" .
   [2 0 0])
  ("buf" .
   [3 0 0])
  ("bxsize" .
   [2 0 0 0 0 0])
  ("unsigned" .
   [0 0 0 0 1 0 1 0])
  ("access_right" .
   [1 0 0 0 0 0 0 0 0 0 0 0])
  ("SEGMENT_DESCRIPTOR" .
   [0 0 0 2 0 0 0 1 0 0 0 1 0 0 0 0 0 0])
  ("GATE_DESCRIPTOR" .
   [1 0 0 0 4 0 0 0 0 0 0 0 0 0 0])
  ("selector" .
   [1 0 0 0 0 0 0 0])
  ("limit" .
   [2 0 0 0 0])
  ("addr" .
   [1 0 0 0])
  ("init_gdtidt" .
   [2 0 0 0 0 0 0 0 0 0 0])
  ("set_segmdesc" .
   [2 0 0 0 0 0 0 0 1 0 0 1])
  ("gdt" .
   [3 0 0])
  ("load_gdtr" .
   [0 0 0 0 0 0 0 0 1])
  ("set_gatedesc" .
   [1 0 0 0 0 0 0 0 0 0 0 0])
  ("idt" .
   [1 0 0])
  ("load_idtr" .
   [1 0 0 0 0 0 0 0 0])
  ("gcd" .
   [5 0 0])
  ("lcm" .
   [3 0 0])
  ("c" .
   [4])
  ("mult_0_r" .
   [2 0 0 0 0 0 0 0])
  ("plus" .
   [9 0 0 0])
  ("plus_n_O" .
   [1 0 0 0 0 0 0 0])
  ("IHp'" .
   [4 0 0 0])
  ("cpu" .
   [11 0 0])
  ("solve" .
   [12 0 0 0 0])
  ("tmpa" .
   [2 0 0 0])
  ("tmpb" .
   [2 0 0 0])
  ("right" .
   [1 0 0 0 0])
  ("app_assoc" .
   [6 0 0 0 0 0 0 0 0])
  ("The" .
   [7 0 0])
  ("natlist" .
   [4 0 0 0 0 0 0])
  ("app_cons_assoc" .
   [1 0 0 0 0 0 0 0 0 0 0 0 0 0])
  ("rev_end" .
   [8 0 0 0 0 0 0])
  ("l1" .
   [13 0])
  ("l2" .
   [17 0])
  ("h1'" .
   [1 0 0])
  ("beq_natlist" .
   [1 0 0 0 0 0 0 0 0 0 0])
  ("IHs'" .
   [2 0 0 0])
  ("rev_injective" .
   [1 0 0 0 0 0 0 0 0 0 0 0 0])
  ("IHl2'" .
   [4 0 0 0 0])
  ("length" .
   [11 0 0 0 0 0])
  ("contradict" .
   [1 0 0 0 0 0 0 0 0 0])
  ("rev_involutive" .
   [3 0 0 0 0 0 0 0 1 0 0 0 0 0])
  ("None" .
   [2 0 0 0])
  ("Some" .
   [2 0 0 0])
  ("default" .
   [1 0 0 0 0 0 0])
  ("n'" .
   [2 0])
  ("beq_nat_refl" .
   [1 0 0 0 0 0 0 0 0 0 0 0])
  ("beq_id_refl" .
   [1 0 0 0 0 0 0 0 0 0 0])
  ("fst" .
   [1 0 0])
  ("snd" .
   [1 0 0])
  ("With" .
   [0 0 0 1])
  ("tmpi" .
   [1 0 0 0])
  ("tmpj" .
   [1 0 0 0])
  ("ansa" .
   [6 0 0 0])
  ("filter" .
   [5 0 0 0 0 0])
  ("evenb" .
   [7 0 0 0 0])
  ("blt" .
   [7 0 0])
  ("Compute" .
   [4 0 0 0 0 0 0])
  ("map_end" .
   [1 0 0 0 0 0 0])
  ("flat_map" .
   [1 0 0 0 0 0 0 0])
  ("fold_map_correct" .
   [1 0 0 0 0 0 0 0 0 0 0 0 0 0 0 0])
  ("fold_map" .
   [1 0 0 0 0 0 0 0])
  ("zero" .
   [8 0 0 0])
  ("times" .
   [1 0 0 0 0])
  ("succ" .
   [5 0 0 0])
  ("mult" .
   [3 0 0 0])
  ("three" .
   [1 0 0 0 0])
  ("cnt" .
   [5 0 0])
  ("tmpp" .
   [3 0 0 0])
  ("tmpc" .
   [2 0 0 0])
  ("mi" .
   [7 0])
  ("INT_MAX" .
   [14 0 0 1 0 1 0])
  ("tail_eq" .
   [0 0 0 0 0 1 0])
  ("Plan" .
   [1 0 0 0])
  ("DP_MAX" .
   [1 0 2 0 0 0])
  ("dp" .
   [5 0])
  ("isprime" .
   [11 0 0 0 0 0 0])
  ("size_t" .
   [3 0 0 0 0 0])
  ("sieve" .
   [1 0 0 0 0])
  ("MAX" .
   [11 0 0])
  ("exist" .
   [10 0 0 0 0])
  ("Peven" .
   [4 0 0 0 0])
  ("Podd" .
   [2 0 0 0])
  ("combine_odd_even" .
   [1 0 0 0 0 0 0 1 0 0 0 0 0 0 0 0])
  ("oddb" .
   [1 0 0 0])
  ("malloc" .
   [1 0 0 0 0 0])
  ("free" .
   [2 0 0 0])
  ("div" .
   [1 0 0])
  ("reverse" .
   [1 0 0 0 0 0 0])
  ("turn" .
   [3 0 0 0])
  ("front" .
   [10 0 0 0 0])
  ("pop" .
   [3 0 0])
  ("comb" .
   [15 0 0 0])
  ("combdp" .
   [2 0 0 0 0 0])
  ("sym" .
   [6 0 0])
  ("resize" .
   [1 0 0 0 0 0])
  ("namespace" .
   [0 0 0 0 0 0 1 0 0])
  ("flag" .
   [3 0 0 0])
  ("tmp1" .
   [1 0 0 0])
  ("select" .
   [2 0 0 0 0 0])
  ("ans0" .
   [5 0 0 0])
  ("top" .
   [1 0 0])
  ("co" .
   [16 0])
  ("segtree_min" .
   [1 0 0 0 0 0 0 0 0 0 0])))
